68802443599
296022769723
529120576079
480616032991
76078076777
947873523473
176155659587
238102333409
809589029573
387074784751
539604726779
598093564169
674774634013
164461865189
335768084011
464062006657
189977647973
742573566139
946437590083
43542721421
969651060803
109487160313
521818323277
77308555579
953951835449
502215835669
881360033531
998696358133
326120300057
150856037201
918229898447
907423822973
255469808497
284989807147
659671104997
127564950109
708431345161
938185177889
375132077953
489838585813
377110285169
187227741697
992888403103
67713898981
22442231561
207757234183
6298346317
553277646401
505462879517
737026920037
612341235019
673191060203
75848080019
439677694633
22965334939
780338794057
182873167391
456780037817
297941569183
601150028519
131647133369
129237542009
968980043573
755456078477
220346730347
995062312589
236183743573
938928675871
638868181823
120319535443
207160579151
236312983061
679327900751
455372788243
67432104059
592284781019
451821492917
173695907971
768805461143
241282709279
414928891031
970180077649
757346844521
78471170027
305679248041
750762287567
770112161699
881555783161
167076548603
934413592921
497842174363
84414734689
888475070683
820698394231
97653216743
421167197327
277911979769
568284972193
542621728843
801072289697
101955089833
527360563963
850096844039
623017374769
687110232521
728898085957
614809673741
